name: example
size: 22
weights:  -0.02156621379869493 -0.058822099822688115 -0.7963101813572249 0.5545535935946342 -0.08203034005191912 0.290653957762948 0.5995859143742571 1.1489424266721402 -0.031473218911007246 0.3437487030490853 0.9090553459585603 0.040297869778191504 1.2471553513685072 -0.029354649798529177 0.12223770051121514 0.7905490418820148 0.7872602156286905 0.339427550098451 0.10906963037676407 0.4507309197073043 0.1887322853714849 0.6878388990544689
threshold: -1.5754694401872584